% Fpass: 60 Hz, Fstop: 100 Hz, Astop: 80 dB, IIR Chebyshev Type 1
G = [0.0088 0.0071 0.0045 0.0020 3.9148e-04 0.8913];
SOS = ...
[1	2	1	1	-1.9565	0.9916;
1	2	1	1	-1.9473	0.9759;
1	2	1	1	-1.9444	0.9626;
1	2	1	1	-1.9451	0.9530;
1	2	1	1	-1.9463	0.9479];

