% Fpass: 60 Hz, Fstop: 100 Hz, Astop: 80 dB, IIR Chebyshev Type 1
G = [0.0088 0.0071 0.0045 0.0020 3.9148e-04 0.8913];
SOS = ...
[1	2	1	1	-1.9565	0.9916;
1	2	1	1	-1.9473	0.9759;
1	2	1	1	-1.9444	0.9626;
1	2	1	1	-1.9451	0.9530;
1	2	1	1	-1.9463	0.9479];

myFilter1 = CascadeFilter(5, SOS, G, "LP_Chev_I_60_100_80");

%
G = [0.006067652675785;0.003951815866469;0.001385073053567;0.015909259476769;1];
SOS = ...
[1	2	1	1	-1.9615	0.9858;
1	2	1	1	-1.9448	0.9606;
1	2	1	1	-1.9379	0.9435;
1	1	0	1	-0.9682	0];

myFilter2 = CascadeFilter(4, SOS, G, "LP_Chev_I_60_100_80");

%%
% Chev II, 30 80, 60
G = [0.160114536893115;0.089843794144509;0.015209449885727;1];
SOS = ...
[1	-1.9327	1	1	-1.9407	0.9515;
1	-1.8763	1	1	-1.8521	0.8632;
1	-1.2304	1	1	-1.7915	0.8032];

myFilter3 = CascadeFilter(3, SOS, G, "LP_Chev_II_30_80_60");

% 
G = [0.348784003887555;0.160612112804359;0.110929782529933;1];
SOS = ...
[1	-1.8921	1	1	-1.8691	0.9068;
1	-1.7292	1	1	-1.6745	0.718;
1	1	0	1	-0.7781	0];
myFilter4 = CascadeFilter(3, SOS, G, "LP_Chev_II_45_100_40");

%
G = [0.239768030512254;0.091554118260669;1];
SOS = ...
[1.0	-1.882976912445510	1	1	-1.832736869492551	0.860795264719954;
1	1	0	1	-0.816891763478661	0];
myFilter5 = CascadeFilter(2, SOS, G, "LP_Chev_II_30_95_25");

%
G = [0.212124622487161;0.045595174963254;1];
SOS = ...
[1,-1.89680793193038,1,1,-1.88075315359252,0.902642732075459;
1,-1.46517269677535,1,1,-1.71377256893507,0.738158113400727];
myFilter6 = CascadeFilter(2, SOS, G, "LP_Chev_II_30_95_40");

%
G = [0.0612497410942363;1];
SOS = ...
[1,1,0,1,-0.877500517811528,0];
myFilter7 = CascadeFilter(1, SOS, G, "LP_Chev_II_10_95_8");

%
G = [0.431960864848779;0.114267811024118;1];
SOS = ...
[1,-1.88579778351647,1,1,-1.82956954466589,0.878900432865760;
1,-1.41502236811784,1,1,-1.53700328791962,0.603847401412867];
myFilter8 = CascadeFilter(2, SOS, G, "LP_Chev_II_50_100_25");

% Drone is using this currently
G = [0.3675, 0.1865, 0.2894, 1.0];
SOS = ...
[1.0,	-1.0878,	1.0,	1.0,	-1.4104,	0.7456;
1.0,	-0.2555,	1.0,	1.0,	-1.0284,	0.3537;
1.0,	1.0,		0.0,	1.0,	-0.4212,	0.0];
rateFilterAMDC_0909 = CascadeFilter(3, SOS, G, "LP_Chev_II_50_100_25");


%% Filter Proposal
G = [0.349882774391703, 0.202823358061949, 1];
SOS = ...
[   1,-1.61646016609230,1,1,-1.60208810115905,0.736282082336415;
    1,1,0,1,-0.594353283876101,0];
rateProposed_ChevII_40_70_15 = CascadeFilter(2, SOS, G, "LP_Chev_II_40_70_15");

% 2
G = [0.440056849536687;0.266672878970310;1];
SOS = ...
[   1,-1.50642279469602,1,1,-1.48415466604329,0.701356696012486;
    1,1,0,1,-0.466654242059380,0];
rateProposed_ChevII_50_80_15 = CascadeFilter(2, SOS, G, "LP_Chev_II_50_80_15");

% 3
G = [0.327904810012606;0.217099725508284;1];

SOS = [ 1,-1.50642279469602,1,1,-1.54633029774484,0.708176637476598;
        1,1,0,1,-0.565800548983433,0];
rateProposed_ChevII_30_80_25 = CascadeFilter(2, SOS, G, "LP_Chev_II_30_80_20");

% 4
G = [0.239212870480333;0.168983311595638;1];

SOS = [ 1,-1.562864080472529,1,1,-1.638310804768628,0.742879342868854;
        1,1,0,1,-0.662033376808724,0];
rateProposed_ChevII_30_75_25 = CascadeFilter(2, SOS, G, "LP_Chev_II_30_75_25");

% 5
G = [0.327585519967504; 0.205649709545670; 1.0]	;
SOS = [1	-1.562864080472529	1	1	-1.580236917479149	0.723436314974028;
       1	1	0	1	-0.588700580908659	0];
rateProposed_ChevII_40_75_20 = CascadeFilter(2, SOS, G, "LP_Chev_II_40_75_20");

% 6
G = [0.239212870480333; 0.168983311595638; 1.0]	;
SOS = [   1	-1.562864080472529	1	1	-1.638310804768628	0.742879342868854;
        1	1	0	1	-0.662033376808724	0];
rateProposed_ChevII_35_75_25 = CascadeFilter(2, SOS, G, "LP_Chev_II_35_75_25");


% 7
G = [0.239212870480333;0.168983311595638;1.000000000000000];
SOS = [ 1	-1.562864080472529	1	1	-1.638310804768628	0.742879342868854;
        1	1	0	1	-0.662033376808724	0];
rateProposed_ChevII_30_75_25 = CascadeFilter(2, SOS, G, "LP_Chev_II_30_75_25");
 
% 8
G = [0.273073592790226;0.073605117349453;1.000000000000000];
SOS = [ 1	-1.610736561725652	1	1	-1.695947191737035	0.802244757368487;
        1	-0.456479666415774	1	1	-1.376118181008366	0.489729176293101];
rateProposed_ChevII_30_75_35 = CascadeFilter(2, SOS, G, "LP_Chev_II_30_75_35");

% 9
G = [0.177969270341048   0.181620673294336   1.000000000000000];
SOS = [ 1.000000000000000  -1.255304144204300   1.000000000000000   1.000000000000000  -1.568871472739451   0.701404450821414;
        1.000000000000000   1.000000000000000                   0   1.000000000000000  -0.636758653411328                   0];
rateProposed_ChevII_35_100_30 = CascadeFilter(2, SOS, G, "LP_Chev_II_35_100_30");

% 10
G = [0.290391978480356   0.207102185519221   1.000000000000000];
SOS = [ 1.000000000000000  -1.471255290419359   1.000000000000000   1.000000000000000  -1.552534033436480   0.706077255762623;
   1.000000000000000   1.000000000000000                   0   1.000000000000000  -0.585795628961558                   0];
rateProposed_ChevII_25_83_22 = CascadeFilter(2, SOS, G, "LP_Chev_II_25_83_22");

% 11
G = [0.239629772494201   0.174917866584798   1.000000000000000];
SOS = [1.000000000000000  -1.529331124469151   1.000000000000000   1.000000000000000  -1.621209048416618   0.733995323980176;
   1.000000000000000   1.000000000000000                   0   1.000000000000000  -0.650164266830404                   0];
rateProposed_ChevII_35_78_25 = CascadeFilter(2, SOS, G, "LP_Chev_II_35_78_25");

% 12
G = [0.376082114619376   0.112245382294186   1.000000000000000];
SOS = ...
[1.000000000000000  -1.559712542333453   1.000000000000000   1.000000000000000  -1.611468349779949   0.777052587899572;
   1.000000000000000  -0.324370246269386   1.000000000000000   1.000000000000000  -1.200546116307922   0.388627818598927];
rateProposed_ChevII_40_80_28 = CascadeFilter(2, SOS, G, "LP_Chev_II_40_80_28");
