coeff_fs100_LP5 = [0.000026929308744590826
0.000025788936363446044
0.00003539293713980575
0.00004475966453142863
0.00005262242568386797
0.00005754568665148059
0.00005806490553333727
0.00005286480880328559
0.0000409695290061483
0.000021922855383358005
-0.000004056761482451286
-0.000035976127223289164
-0.0000720504188794601
-0.00010976757456092916
-0.00014605032560116213
-0.00017751812435739219
-0.0002008093081047882
-0.00021294351931557058
-0.0002117068986320967
-0.0001959774706695178
-0.0001659744957297787
-0.00012339896794634822
-0.00007138504106249059
-0.000014334976726755214
0.000042456972337844445
0.0000932823864197075
0.00013261806358457547
0.00015574585302179002
0.00015935021015470903
0.0001420048008263688
0.00010449138038233205
0.00004989506430083384
-0.000016560518639593217
-0.00008793502041441308
-0.00015622715481661262
-0.00021320803979614177
-0.0002513468096189969
-0.0002647302401750587
-0.00024987195880542355
-0.00020629642298952998
-0.0001368225212971548
-0.000047482817107593
0.00005294153629245242
0.00015373406317144167
0.00024335396852236411
0.0003107167944903321
0.0003465255672692728
0.00034448168177946334
0.00030223799212397663
0.0002219514058542687
0.00011034951287010238
-0.000021735967649803304
-0.00016035178396317545
-0.0002898395071789785
-0.0003945519324466092
-0.0004606839733337017
-0.00047801219363656223
-0.0004413288640865114
-0.00035138496409892986
-0.00021519175150596512
-0.00004560950078481522
0.00013978121885423834
0.0003204361475137324
0.00047506435578052665
0.0005840780135067165
0.00063199314660106
0.0006095027708122559
0.0005149487474912369
0.0003549883225890025
0.0001443205964855648
-0.00009554730686539663
-0.000338411784292759
-0.0005561631236243203
-0.0007219670816927423
-0.0008134869009531963
-0.0008157643940470211
-0.0007234063860309911
-0.0005417702476359339
-0.00028695869726123516
0.00001545505319658984
0.0003328842376606627
0.0006291550314541844
0.0008685448994137664
0.0010199954791733764
0.0010610143631569556
0.000980783897085619
0.0007820742160441256
0.0004816618029180136
0.00010912640100786966
-0.000295922291392132
-0.0006879463331771995
-0.0010205005191780071
-0.0012516274146966322
-0.001349015181920667
-0.0012942954745492404
-0.0010859277971821582
-0.000740264487311263
-0.0002905643695340211
0.00021601963521711406
0.0007232515820863563
0.0011719249638480259
0.001506655822180719
0.0016825612630433885
0.0016710570794341837
0.0014640352126493374
0.001075845529936562
0.0005427524651669227
-0.00008021193879382176
-0.0007247498812243825
-0.0013166270290993448
-0.0017840685444101064
-0.002066286598156164
-0.0021211423168738326
-0.001931006163933663
-0.0015060310647288025
-0.0008843305477167619
-0.0001289004088953651
0.0006785302682206141
0.0014461246881138535
0.002082209866076407
0.002505970769981477
0.002657494920169043
0.002505735864819195
0.0020536006124231123
0.0013392476200951142
0.0004333487334317713
-0.0005675462532125455
-0.001551045801526958
-0.0024012880779093536
-0.0030122901074807963
-0.0033008020232011587
-0.0032171491525440432
-0.0027526953371296557
-0.0019428872926419338
-0.0008652767707476306
0.0003674593738787479
0.0016188773605080708
0.0027434833548433107
0.0036033228296262626
0.004084390953861036
0.004111040954958071
0.0036569674038449285
0.0027504988861778495
0.001474322314388215
-0.00004149019789825954
-0.0016320964684117625
-0.0031152773689073375
-0.004311707002521258
-0.005065947514913392
-0.005265768536474729
-0.0048574906790463755
-0.0038553782736725924
-0.0023436781513846935
-0.0004706968989725119
0.001564826142462539
0.003533904444461466
0.0052020790848607305
0.0063562037906422265
0.006830306606363851
0.006527505210798375
0.005435283500456582
0.003632023620446377
0.0012835359221150127
-0.0013705460708162186
-0.004039612496581158
-0.00641208654952199
-0.008189694465177678
-0.009122389462420133
-0.009040100775096892
-0.007877578093563264
-0.005689171979255483
-0.0026512970505895074
0.0009484690005681069
0.004735306202693165
0.008282341788383024
0.01115405278041865
0.012953786181206198
0.013370644117279638
0.012220792866119701
0.00947855474864375
0.005293466512258429
-0.000009290496144484853
-0.005946119968078308
-0.011909195861555026
-0.017215188658546345
-0.021164536863175223
-0.023106080461319806
-0.022501101297731127
-0.018980657128596454
-0.012390486850310108
-0.00281876498398791
0.009396555729276506
0.02368224133637875
0.039265527356205726
0.05522853939631928
0.0705769953248657
0.08431739461752963
0.09553600373553231
0.10347268720261452
0.1075830035530747
0.1075830035530747
0.10347268720261452
0.09553600373553231
0.08431739461752963
0.0705769953248657
0.05522853939631928
0.039265527356205726
0.02368224133637875
0.009396555729276506
-0.00281876498398791
-0.012390486850310108
-0.018980657128596454
-0.022501101297731127
-0.023106080461319806
-0.021164536863175223
-0.017215188658546345
-0.011909195861555026
-0.005946119968078308
-0.000009290496144484853
0.005293466512258429
0.00947855474864375
0.012220792866119701
0.013370644117279638
0.012953786181206198
0.01115405278041865
0.008282341788383024
0.004735306202693165
0.0009484690005681069
-0.0026512970505895074
-0.005689171979255483
-0.007877578093563264
-0.009040100775096892
-0.009122389462420133
-0.008189694465177678
-0.00641208654952199
-0.004039612496581158
-0.0013705460708162186
0.0012835359221150127
0.003632023620446377
0.005435283500456582
0.006527505210798375
0.006830306606363851
0.0063562037906422265
0.0052020790848607305
0.003533904444461466
0.001564826142462539
-0.0004706968989725119
-0.0023436781513846935
-0.0038553782736725924
-0.0048574906790463755
-0.005265768536474729
-0.005065947514913392
-0.004311707002521258
-0.0031152773689073375
-0.0016320964684117625
-0.00004149019789825954
0.001474322314388215
0.0027504988861778495
0.0036569674038449285
0.004111040954958071
0.004084390953861036
0.0036033228296262626
0.0027434833548433107
0.0016188773605080708
0.0003674593738787479
-0.0008652767707476306
-0.0019428872926419338
-0.0027526953371296557
-0.0032171491525440432
-0.0033008020232011587
-0.0030122901074807963
-0.0024012880779093536
-0.001551045801526958
-0.0005675462532125455
0.0004333487334317713
0.0013392476200951142
0.0020536006124231123
0.002505735864819195
0.002657494920169043
0.002505970769981477
0.002082209866076407
0.0014461246881138535
0.0006785302682206141
-0.0001289004088953651
-0.0008843305477167619
-0.0015060310647288025
-0.001931006163933663
-0.0021211423168738326
-0.002066286598156164
-0.0017840685444101064
-0.0013166270290993448
-0.0007247498812243825
-0.00008021193879382176
0.0005427524651669227
0.001075845529936562
0.0014640352126493374
0.0016710570794341837
0.0016825612630433885
0.001506655822180719
0.0011719249638480259
0.0007232515820863563
0.00021601963521711406
-0.0002905643695340211
-0.000740264487311263
-0.0010859277971821582
-0.0012942954745492404
-0.001349015181920667
-0.0012516274146966322
-0.0010205005191780071
-0.0006879463331771995
-0.000295922291392132
0.00010912640100786966
0.0004816618029180136
0.0007820742160441256
0.000980783897085619
0.0010610143631569556
0.0010199954791733764
0.0008685448994137664
0.0006291550314541844
0.0003328842376606627
0.00001545505319658984
-0.00028695869726123516
-0.0005417702476359339
-0.0007234063860309911
-0.0008157643940470211
-0.0008134869009531963
-0.0007219670816927423
-0.0005561631236243203
-0.000338411784292759
-0.00009554730686539663
0.0001443205964855648
0.0003549883225890025
0.0005149487474912369
0.0006095027708122559
0.00063199314660106
0.0005840780135067165
0.00047506435578052665
0.0003204361475137324
0.00013978121885423834
-0.00004560950078481522
-0.00021519175150596512
-0.00035138496409892986
-0.0004413288640865114
-0.00047801219363656223
-0.0004606839733337017
-0.0003945519324466092
-0.0002898395071789785
-0.00016035178396317545
-0.000021735967649803304
0.00011034951287010238
0.0002219514058542687
0.00030223799212397663
0.00034448168177946334
0.0003465255672692728
0.0003107167944903321
0.00024335396852236411
0.00015373406317144167
